Puzzle size: 3x3
Puzzles solved for each 'a' and 'b': 30

Metric: a * Manhattan + b * movesCount
Average number of steps for solving the puzzle depending on 'a' and 'b' coeffs:

a\b|   1     2      3      4      5      6      7      8      9      10     11     12     13     14     15
---+--------------------------------------------------------------------------------------------------------
 1 | 21,67  22,43  21,47  22,87  22,60  22,03  21,60  22,50  21,70  22,07  22,10  22,60  22,07  20,23  21,03  
 2 | 23,83  21,77  20,93  20,97  22,43  23,13  21,17  21,97  21,70  21,23  21,27  21,43  22,43  21,60  22,57  
 3 | 27,10  23,27  22,30  22,00  21,97  21,27  21,73  21,57  22,17  22,43  22,73  23,17  21,73  21,60  21,93  
 4 | 30,43  24,00  22,43  21,67  21,53  22,00  22,03  22,00  22,93  22,13  22,13  21,43  23,00  22,40  21,63  
 5 | 33,37  24,13  23,37  21,87  21,93  22,17  22,50  21,77  21,93  21,80  22,70  22,70  22,10  22,27  21,10  
 6 | 32,27  26,93  23,63  21,10  22,03  21,07  20,13  23,20  22,37  21,67  20,90  21,40  22,00  22,20  22,07  
 7 | 33,63  28,03  22,77  23,60  23,37  21,77  22,50  21,80  22,10  22,53  21,20  22,57  22,53  20,90  21,50  
 8 | 37,30  29,97  27,57  23,13  22,63  22,00  21,60  22,37  20,97  22,50  22,37  22,10  21,30  22,23  22,90  
 9 | 35,37  29,90  28,07  24,63  23,30  21,83  22,67  21,80  22,90  22,23  21,30  23,50  22,83  22,10  21,47  
10 | 37,17  31,33  27,90  26,33  23,77  23,77  22,03  23,23  22,73  21,70  22,37  22,13  21,10  21,10  21,10  
11 | 38,53  30,37  29,53  25,90  24,83  22,70  21,53  21,07  22,17  21,40  21,53  22,30  22,07  22,53  21,37  
12 | 44,57  34,77  30,37  26,53  24,63  24,03  21,97  22,27  22,77  22,40  22,93  22,20  22,80  22,20  21,80  
13 | 40,50  31,50  30,23  28,43  25,37  24,77  23,33  22,00  23,40  22,07  20,80  22,30  21,70  22,93  21,87  
14 | 39,77  33,00  31,27  29,60  26,77  26,30  24,63  21,10  22,43  22,77  22,67  21,53  21,57  22,23  21,10  
15 | 39,77  36,03  31,13  29,27  28,10  25,50  23,03  24,00  21,77  22,83  22,47  21,30  22,53  22,27  21,73

Из таблицы видно, что с увеличением отношения a/b среднее число шагов для решения пазла алгоритмом возрастает.
