Puzzle size: 3x3
Puzzles solved for each 'a' and 'b': 30

Metric: a * Manhattan + b * movesCount
Average time (seconds) for solving the puzzle depending on 'a' and 'b' coeffs:

a\b|     1          2          3          4          5          6          7          8          9         10         11         12         13         14         15   
---+--------------------------------------------------------------------------------------------------------------------------------------------------------------------
 1 | 1,067e-03  3,177e-02  1,029e-01  2,270e-01  2,295e-01  8,024e-01  5,302e-01  6,866e-01  7,327e-01  7,831e-01  1,019e+00  9,721e-01  1,098e+00  9,224e-01  4,522e-01  
 2 | 3,000e-04  4,667e-04  1,353e-02  2,607e-02  3,950e-02  4,823e-02  2,396e-01  4,428e-01  4,627e-01  2,932e-01  2,714e-01  3,586e-01  1,000e+00  4,676e-01  9,106e-01  
 3 | 5,333e-04  7,000e-04  1,267e-03  2,333e-03  1,460e-02  1,577e-02  6,563e-02  2,243e-01  2,484e-01  1,517e-01  2,868e-01  2,021e-01  1,990e-01  2,317e-01  2,569e-01  
 4 | 5,000e-04  4,667e-04  6,000e-04  8,333e-04  3,600e-03  6,267e-03  2,513e-02  2,460e-02  6,340e-02  7,543e-02  1,729e-01  1,247e-01  8,457e-02  2,760e-01  2,572e-01  
 5 | 3,000e-04  2,667e-04  5,000e-04  4,333e-04  1,000e-03  2,333e-03  4,200e-03  1,453e-02  8,900e-03  2,670e-02  5,580e-02  1,066e-01  5,453e-02  1,302e-01  1,170e-01  
 6 | 2,667e-04  3,667e-04  5,000e-04  6,000e-04  7,667e-04  1,033e-03  1,567e-03  2,733e-03  4,333e-03  1,693e-02  2,410e-02  4,510e-02  5,057e-02  3,087e-02  6,310e-02  
 7 | 5,000e-04  4,000e-04  2,667e-04  4,667e-04  5,333e-04  4,667e-04  9,667e-04  1,400e-03  3,833e-03  6,467e-03  6,600e-03  1,693e-02  1,620e-02  1,667e-02  3,640e-02  
 8 | 4,333e-04  4,333e-04  3,333e-04  3,667e-04  4,667e-04  6,333e-04  7,333e-04  8,667e-04  8,667e-04  6,067e-03  6,600e-03  9,767e-03  9,800e-03  1,183e-02  2,690e-02  
 9 | 5,667e-04  4,000e-04  2,667e-04  3,333e-04  7,000e-04  5,000e-04  5,333e-04  4,000e-04  6,667e-04  1,233e-03  2,633e-03  7,300e-03  1,077e-02  9,833e-03  1,083e-02  
10 | 6,000e-04  3,667e-04  3,000e-04  3,000e-04  4,000e-04  5,000e-04  6,333e-04  4,667e-04  5,333e-04  6,000e-04  1,633e-03  3,233e-03  3,800e-03  5,233e-03  7,833e-03  
11 | 6,667e-04  3,333e-04  4,000e-04  3,667e-04  4,000e-04  4,667e-04  3,333e-04  6,333e-04  7,333e-04  5,333e-04  9,667e-04  1,067e-03  1,700e-03  1,767e-03  6,167e-03  
12 | 7,000e-04  3,667e-04  5,000e-04  2,000e-04  3,000e-04  3,333e-04  5,333e-04  4,333e-04  4,333e-04  7,000e-04  6,000e-04  6,333e-04  1,167e-03  1,367e-03  3,700e-03  
13 | 7,667e-04  3,333e-04  3,000e-04  3,333e-04  4,667e-04  5,333e-04  4,333e-04  4,333e-04  4,333e-04  7,667e-04  6,333e-04  7,333e-04  1,867e-03  1,133e-03  2,267e-03  
14 | 1,067e-03  3,667e-04  4,000e-04  3,667e-04  4,000e-04  3,667e-04  2,333e-04  2,333e-04  5,000e-04  5,333e-04  3,333e-04  5,667e-04  5,667e-04  5,000e-04  1,733e-03  
15 | 8,333e-04  5,667e-04  3,333e-04  4,667e-04  3,333e-04  3,000e-04  3,000e-04  4,000e-04  4,667e-04  4,000e-04  6,333e-04  5,000e-04  5,333e-04  5,000e-04  1,367e-03

Из таблицы видно, что с увеличением отношения a/b среднее время, затраченное на решение пазла алгоритмом, уменьшается.
